0.000000e+00	6.283185e+00	1.256637e+01	1.884956e+01	2.513274e+01	3.141593e+01	3.769911e+01	4.398230e+01	5.026548e+01	5.654867e+01	6.283185e+01	6.911504e+01	7.539822e+01	8.168141e+01	8.796459e+01	9.424778e+01	1.005310e+02	1.068142e+02	
1.000000e+00	1.300000e+01	3.700000e+01	5.700000e+01	1.210000e+02	1.890000e+02	2.450000e+02	3.210000e+02	4.050000e+02	6.050000e+02	6.530000e+02	7.650000e+02	9.410000e+02	1.133000e+03	1.293000e+03	1.353000e+03	1.667000e+03	1.610000e+03	
0.000000e+00	0.000000e+00	1.214832e-11	3.591629e-11	6.272351e-11	1.330879e-10	2.332930e-10	2.966703e-10	3.953796e-10	4.391490e-10	7.068763e-10	5.950954e-10	4.979305e-10	4.987285e-10	2.328475e-10	6.503781e-11	3.078546e-11	8.349271e-12	0.000000e+00	
0.000000e+00	0.000000e+00	8.938055e-12	3.356776e-11	5.098790e-11	1.245483e-10	2.293044e-10	3.095748e-10	3.493888e-10	4.266668e-10	6.649669e-10	6.360695e-10	4.939102e-10	4.501002e-10	2.043872e-10	7.181150e-11	3.361150e-11	7.402490e-12	0.000000e+00	
0.000000e+00	0.000000e+00	6.716505e-12	3.973256e-11	5.231744e-11	1.127729e-10	2.070691e-10	2.828015e-10	3.349827e-10	4.441986e-10	6.890839e-10	6.114023e-10	5.009759e-10	4.383444e-10	2.430962e-10	7.768672e-11	2.230522e-11	4.220969e-12	0.000000e+00	
0.000000e+00	0.000000e+00	0.000000e+00	0.000000e+00	0.000000e+00	0.000000e+00	0.000000e+00	0.000000e+00	0.000000e+00	0.000000e+00	0.000000e+00	0.000000e+00	0.000000e+00	0.000000e+00	0.000000e+00	0.000000e+00	0.000000e+00	0.000000e+00	0.000000e+00	
0.000000e+00	2.928334e-45	9.996980e-11	6.390718e-43	1.676322e-44	1.216251e-44	7.008953e-44	1.133414e-43	3.950136e-43	5.117254e-43	1.372427e-42	0.000000e+00	0.000000e+00	0.000000e+00	0.000000e+00	0.000000e+00	0.000000e+00	0.000000e+00	0.000000e+00	
0.000000e+00	0.000000e+00	0.000000e+00	0.000000e+00	0.000000e+00	0.000000e+00	0.000000e+00	0.000000e+00	0.000000e+00	0.000000e+00	0.000000e+00	0.000000e+00	0.000000e+00	0.000000e+00	0.000000e+00	0.000000e+00	0.000000e+00	0.000000e+00	0.000000e+00	
0.000000e+00	0.000000e+00	0.000000e+00	0.000000e+00	0.000000e+00	0.000000e+00	0.000000e+00	0.000000e+00	0.000000e+00	0.000000e+00	0.000000e+00	0.000000e+00	0.000000e+00	0.000000e+00	0.000000e+00	0.000000e+00	0.000000e+00	0.000000e+00	0.000000e+00	
0.000000e+00	0.000000e+00	-8.121798e-13	7.277932e-12	-1.873610e-12	1.638941e-11	-1.065525e-11	1.340613e-11	2.007804e-11	-4.932629e-12	5.394628e-12	-3.519852e-11	4.260659e-12	7.426096e-12	-5.718957e-12	7.288736e-13	-6.058344e-12	-2.961572e-12	0.000000e+00	
0.000000e+00	0.000000e+00	0.000000e+00	0.000000e+00	0.000000e+00	0.000000e+00	0.000000e+00	0.000000e+00	0.000000e+00	0.000000e+00	0.000000e+00	0.000000e+00	0.000000e+00	0.000000e+00	0.000000e+00	0.000000e+00	0.000000e+00	0.000000e+00	0.000000e+00	
0.000000e+00	0.000000e+00	7.402443e-16	2.436276e-15	1.483767e-15	-2.428244e-16	2.552905e-14	-2.946749e-14	4.770613e-14	5.489270e-14	3.097178e-14	-6.761314e-14	-3.883842e-14	2.007591e-15	-2.893421e-14	-1.674574e-16	-4.341014e-15	3.837007e-15	0.000000e+00	
0.000000e+00	0.000000e+00	-1.165405e-15	6.357481e-15	-6.337569e-15	-8.130020e-15	-6.279037e-15	-7.342238e-15	4.128971e-14	6.924814e-14	-6.604716e-14	-2.421744e-14	1.806493e-15	-3.299863e-14	2.202505e-14	1.948993e-14	-9.467514e-15	1.768205e-15	0.000000e+00	
0.000000e+00	0.000000e+00	4.492379e-16	2.325784e-15	9.182896e-15	1.782424e-14	4.237801e-14	3.559797e-15	-5.150418e-14	-9.692080e-15	-9.864771e-15	-2.076650e-14	6.267004e-14	-3.740338e-14	-1.085099e-15	-1.353159e-14	7.482250e-15	-2.024658e-15	0.000000e+00	
0.000000e+00	0.000000e+00	0.000000e+00	0.000000e+00	0.000000e+00	0.000000e+00	0.000000e+00	0.000000e+00	0.000000e+00	0.000000e+00	0.000000e+00	0.000000e+00	0.000000e+00	0.000000e+00	0.000000e+00	0.000000e+00	0.000000e+00	0.000000e+00	0.000000e+00	
0.000000e+00	0.000000e+00	2.746569e-49	7.743688e-48	-4.158549e-48	5.342535e-48	2.488005e-48	-2.271022e-47	-2.947611e-47	6.914550e-48	6.305828e-47	0.000000e+00	0.000000e+00	0.000000e+00	0.000000e+00	0.000000e+00	0.000000e+00	0.000000e+00	0.000000e+00	
0.000000e+00	0.000000e+00	0.000000e+00	0.000000e+00	0.000000e+00	0.000000e+00	0.000000e+00	0.000000e+00	0.000000e+00	0.000000e+00	0.000000e+00	0.000000e+00	0.000000e+00	0.000000e+00	0.000000e+00	0.000000e+00	0.000000e+00	0.000000e+00	0.000000e+00	
0.000000e+00	0.000000e+00	0.000000e+00	0.000000e+00	0.000000e+00	0.000000e+00	0.000000e+00	0.000000e+00	0.000000e+00	0.000000e+00	0.000000e+00	0.000000e+00	0.000000e+00	0.000000e+00	0.000000e+00	0.000000e+00	0.000000e+00	0.000000e+00	0.000000e+00	
0.000000e+00	0.000000e+00	0.000000e+00	0.000000e+00	0.000000e+00	0.000000e+00	0.000000e+00	0.000000e+00	0.000000e+00	0.000000e+00	0.000000e+00	0.000000e+00	0.000000e+00	0.000000e+00	0.000000e+00	0.000000e+00	0.000000e+00	0.000000e+00	0.000000e+00	
0.000000e+00	0.000000e+00	0.000000e+00	0.000000e+00	0.000000e+00	0.000000e+00	0.000000e+00	0.000000e+00	0.000000e+00	0.000000e+00	0.000000e+00	0.000000e+00	0.000000e+00	0.000000e+00	0.000000e+00	0.000000e+00	0.000000e+00	0.000000e+00	0.000000e+00	
0.000000e+00	0.000000e+00	0.000000e+00	0.000000e+00	0.000000e+00	0.000000e+00	0.000000e+00	0.000000e+00	0.000000e+00	0.000000e+00	0.000000e+00	0.000000e+00	0.000000e+00	0.000000e+00	0.000000e+00	0.000000e+00	0.000000e+00	0.000000e+00	0.000000e+00	
0.000000e+00	0.000000e+00	0.000000e+00	0.000000e+00	0.000000e+00	0.000000e+00	0.000000e+00	0.000000e+00	0.000000e+00	0.000000e+00	0.000000e+00	0.000000e+00	0.000000e+00	0.000000e+00	0.000000e+00	0.000000e+00	0.000000e+00	0.000000e+00	0.000000e+00	
0.000000e+00	0.000000e+00	0.000000e+00	0.000000e+00	0.000000e+00	0.000000e+00	0.000000e+00	0.000000e+00	0.000000e+00	0.000000e+00	0.000000e+00	0.000000e+00	0.000000e+00	0.000000e+00	0.000000e+00	0.000000e+00	0.000000e+00	0.000000e+00	0.000000e+00	
0.000000e+00	0.000000e+00	0.000000e+00	0.000000e+00	0.000000e+00	-0.000000e+00	0.000000e+00	-0.000000e+00	-0.000000e+00	0.000000e+00	0.000000e+00	0.000000e+00	0.000000e+00	0.000000e+00	0.000000e+00	0.000000e+00	0.000000e+00	0.000000e+00	0.000000e+00	
0.000000e+00	0.000000e+00	0.000000e+00	0.000000e+00	0.000000e+00	0.000000e+00	0.000000e+00	0.000000e+00	0.000000e+00	0.000000e+00	0.000000e+00	0.000000e+00	0.000000e+00	0.000000e+00	0.000000e+00	0.000000e+00	0.000000e+00	0.000000e+00	0.000000e+00	
0.000000e+00	0.000000e+00	0.000000e+00	0.000000e+00	0.000000e+00	0.000000e+00	0.000000e+00	0.000000e+00	0.000000e+00	0.000000e+00	0.000000e+00	0.000000e+00	0.000000e+00	0.000000e+00	0.000000e+00	0.000000e+00	0.000000e+00	0.000000e+00	0.000000e+00	
0.000000e+00	0.000000e+00	0.000000e+00	0.000000e+00	0.000000e+00	0.000000e+00	0.000000e+00	0.000000e+00	0.000000e+00	0.000000e+00	0.000000e+00	0.000000e+00	0.000000e+00	0.000000e+00	0.000000e+00	0.000000e+00	0.000000e+00	0.000000e+00	0.000000e+00	
0.000000e+00	0.000000e+00	0.000000e+00	0.000000e+00	0.000000e+00	0.000000e+00	0.000000e+00	0.000000e+00	0.000000e+00	0.000000e+00	0.000000e+00	0.000000e+00	0.000000e+00	0.000000e+00	0.000000e+00	0.000000e+00	0.000000e+00	0.000000e+00	0.000000e+00	
0.000000e+00	0.000000e+00	0.000000e+00	0.000000e+00	0.000000e+00	0.000000e+00	0.000000e+00	0.000000e+00	0.000000e+00	0.000000e+00	0.000000e+00	0.000000e+00	0.000000e+00	0.000000e+00	0.000000e+00	0.000000e+00	0.000000e+00	0.000000e+00	0.000000e+00	
0.000000e+00	0.000000e+00	0.000000e+00	0.000000e+00	0.000000e+00	0.000000e+00	0.000000e+00	0.000000e+00	0.000000e+00	0.000000e+00	0.000000e+00	0.000000e+00	0.000000e+00	0.000000e+00	0.000000e+00	0.000000e+00	0.000000e+00	0.000000e+00	0.000000e+00	
0.000000e+00	0.000000e+00	0.000000e+00	0.000000e+00	0.000000e+00	0.000000e+00	0.000000e+00	0.000000e+00	0.000000e+00	0.000000e+00	0.000000e+00	0.000000e+00	0.000000e+00	0.000000e+00	0.000000e+00	0.000000e+00	0.000000e+00	0.000000e+00	0.000000e+00	
0.000000e+00	0.000000e+00	0.000000e+00	0.000000e+00	0.000000e+00	0.000000e+00	0.000000e+00	0.000000e+00	0.000000e+00	0.000000e+00	0.000000e+00	0.000000e+00	0.000000e+00	0.000000e+00	0.000000e+00	0.000000e+00	0.000000e+00	0.000000e+00	0.000000e+00	
0.000000e+00	0.000000e+00	0.000000e+00	0.000000e+00	0.000000e+00	0.000000e+00	0.000000e+00	0.000000e+00	0.000000e+00	0.000000e+00	0.000000e+00	0.000000e+00	0.000000e+00	0.000000e+00	0.000000e+00	0.000000e+00	0.000000e+00	0.000000e+00	0.000000e+00	
0.000000e+00	0.000000e+00	0.000000e+00	0.000000e+00	0.000000e+00	0.000000e+00	0.000000e+00	0.000000e+00	0.000000e+00	0.000000e+00	0.000000e+00	0.000000e+00	0.000000e+00	0.000000e+00	0.000000e+00	0.000000e+00	0.000000e+00	0.000000e+00	0.000000e+00	
2.967190e-01	0.000000e+00	1.216088e-11	3.582898e-11	6.186786e-11	1.302434e-10	2.256247e-10	2.853858e-10	3.701456e-10	4.065445e-10	6.403526e-10	5.301999e-10	4.348510e-10	4.218526e-10	1.901603e-10	5.122048e-11	2.397661e-11	6.113664e-12	0.000000e+00	
2.967190e-01	0.000000e+00	8.963079e-12	3.341819e-11	5.084097e-11	1.217636e-10	2.218425e-10	2.945881e-10	3.298898e-10	3.941702e-10	6.038224e-10	5.635390e-10	4.266130e-10	3.802819e-10	1.682717e-10	5.754542e-11	2.548692e-11	5.504463e-12	0.000000e+00	
2.967190e-01	0.000000e+00	6.877966e-12	3.947918e-11	5.261620e-11	1.099815e-10	2.018896e-10	2.740605e-10	3.198995e-10	4.107244e-10	6.319072e-10	5.525279e-10	4.475071e-10	3.765604e-10	2.039673e-10	6.271192e-11	1.769195e-11	2.949771e-12	0.000000e+00	
2.967190e-01	0.000000e+00	2.705850e-21	2.386340e-20	5.125770e-20	3.191180e-19	7.627868e-19	1.463378e-18	2.626295e-18	4.289583e-18	7.596059e-18	7.746689e-18	6.792447e-18	6.144070e-18	3.276395e-18	1.197189e-18	3.847419e-19	5.597809e-20	0.000000e+00	
2.967190e-01	2.928334e-45	9.990883e-11	1.630562e-20	4.867141e-20	1.750994e-19	4.690145e-19	8.136752e-19	1.221091e-18	1.978186e-18	3.938306e-18	4.250176e-18	5.022621e-18	5.022891e-18	3.133378e-18	1.094616e-18	3.903448e-19	3.212521e-20	0.000000e+00	
2.967190e-01	0.000000e+00	3.562371e-22	2.022705e-20	6.564938e-20	2.871267e-19	8.129866e-19	1.203037e-18	2.077844e-18	3.955670e-18	7.597337e-18	7.170947e-18	7.114274e-18	5.801818e-18	3.855506e-18	1.524943e-18	3.842873e-19	2.136430e-20	0.000000e+00	
2.967190e-01	0.000000e+00	5.746204e-13	1.126434e-10	1.795643e-11	4.965177e-10	1.716535e-10	1.255848e-09	4.168972e-10	2.273746e-09	9.039233e-10	7.158108e-10	6.686397e-10	4.998478e-10	2.309872e-10	7.914941e-11	3.502315e-11	5.249458e-12	0.000000e+00	
2.967190e-01	0.000000e+00	-7.619593e-13	7.253393e-12	-1.972192e-12	1.542147e-11	-9.971209e-12	1.186867e-11	1.926155e-11	-4.003188e-12	5.521816e-12	-3.018098e-11	4.708268e-12	4.832596e-12	-5.384261e-12	7.912441e-13	-4.669750e-12	-2.246921e-12	0.000000e+00	
2.967190e-01	0.000000e+00	-8.640173e-22	4.659731e-22	4.192028e-21	2.343246e-20	-2.201438e-20	3.062180e-20	1.166009e-20	1.159552e-19	5.316932e-19	-2.516420e-19	5.390896e-19	1.997533e-19	2.213605e-19	1.512418e-20	-1.075959e-19	-1.618841e-20	0.000000e+00	
2.967190e-01	0.000000e+00	7.796447e-16	2.561967e-15	2.067689e-15	1.514613e-15	2.471060e-14	-3.044701e-14	4.057171e-14	4.882702e-14	3.036630e-14	-6.538930e-14	-3.783771e-14	3.749261e-15	-2.165589e-14	3.156110e-16	-3.325092e-15	3.190595e-15	0.000000e+00	
2.967190e-01	0.000000e+00	-1.054169e-15	6.013009e-15	-5.894659e-15	-6.586257e-15	-4.202122e-15	-5.333880e-15	3.529200e-14	5.707809e-14	-5.661558e-14	-1.880554e-14	2.226133e-15	-2.873046e-14	1.803827e-14	1.489732e-14	-7.650028e-15	1.327875e-15	0.000000e+00	
2.967190e-01	0.000000e+00	3.273579e-16	2.803148e-15	7.822907e-15	1.383703e-14	3.580463e-14	3.417716e-15	-4.583863e-14	-7.446778e-15	-2.097671e-15	-2.109280e-14	5.730937e-14	-3.461603e-14	-1.137369e-15	-1.195040e-14	4.110229e-15	-1.252708e-15	0.000000e+00	
2.967190e-01	0.000000e+00	9.101304e-21	8.025871e-20	1.721366e-19	1.072545e-18	2.558133e-18	4.899152e-18	8.779666e-18	1.430860e-17	2.526560e-17	2.570381e-17	2.245456e-17	2.026603e-17	1.076762e-17	3.924148e-18	1.252239e-18	1.886283e-19	0.000000e+00	
2.967190e-01	0.000000e+00	-4.484066e-18	5.518219e-20	1.636546e-19	5.882469e-19	1.577189e-18	2.727534e-18	4.087017e-18	6.596257e-18	1.310541e-17	1.411666e-17	1.664395e-17	1.657110e-17	1.030315e-17	3.577266e-18	1.284991e-18	1.013359e-19	0.000000e+00	
2.967190e-01	0.000000e+00	1.190403e-21	6.810401e-20	2.205375e-19	9.634373e-19	2.734327e-18	4.028729e-18	6.962404e-18	1.320518e-17	2.530655e-17	2.384476e-17	2.359276e-17	1.916021e-17	1.269730e-17	4.998696e-18	1.269992e-18	7.703627e-20	0.000000e+00	
2.967190e-01	0.000000e+00	-1.096995e-20	-6.880250e-20	-2.329819e-19	-8.814454e-19	-2.821982e-18	-4.483146e-18	-1.031835e-17	-1.216814e-17	-2.569656e-17	-2.542956e-17	-2.208649e-17	-2.205005e-17	-1.072183e-17	-2.978209e-18	-1.341271e-18	-4.124374e-19	0.000000e+00	
2.967190e-01	0.000000e+00	-3.328480e-21	-2.957766e-20	-1.314004e-19	-5.149152e-19	-1.387911e-18	-2.613894e-18	-4.012497e-18	-5.914695e-18	-1.233577e-17	-1.470908e-17	-1.535499e-17	-1.643673e-17	-8.388033e-18	-3.517463e-18	-1.353167e-18	-3.114188e-19	0.000000e+00	
2.967190e-01	0.000000e+00	-3.834102e-21	-9.857960e-20	-2.371737e-19	-7.859258e-19	-2.703944e-18	-4.171006e-18	-7.299240e-18	-1.310418e-17	-2.568599e-17	-2.399107e-17	-2.267740e-17	-1.931825e-17	-1.308579e-17	-4.630535e-18	-1.142752e-18	-1.955517e-19	0.000000e+00	
2.967190e-01	0.000000e+00	-7.305767e-21	3.358856e-22	-7.546568e-22	-9.093300e-22	2.640376e-21	-5.346856e-22	5.946743e-21	1.923495e-21	2.049144e-21	-3.125395e-21	-3.799624e-21	1.031165e-21	-4.905630e-22	1.477712e-21	-3.134873e-22	-7.322665e-23	0.000000e+00	
2.967190e-01	0.000000e+00	-7.364641e-21	7.183024e-23	-3.905171e-22	-4.100071e-22	6.039851e-22	-3.068760e-22	1.509323e-21	-7.103303e-22	2.969932e-21	2.098848e-21	-1.220829e-21	6.127541e-22	3.038102e-22	1.378599e-21	-2.411895e-22	-7.322665e-23	0.000000e+00	
2.967190e-01	0.000000e+00	1.008930e-22	1.404601e-22	-8.361978e-22	-1.098607e-21	2.511929e-21	-1.123192e-21	4.398287e-21	7.507095e-22	3.643688e-21	-3.128895e-21	-5.632831e-21	1.810395e-21	4.356271e-22	1.248289e-21	-2.265222e-22	-7.322665e-23	0.000000e+00	
2.967190e-01	0.000000e+00	-9.120517e-13	-8.709158e-13	-5.203620e-12	1.727422e-13	-1.003959e-11	-2.877335e-11	-3.060017e-11	-2.126873e-11	-7.534973e-11	-9.257356e-11	-1.026760e-10	-7.261594e-11	-4.184394e-11	-1.287447e-11	-4.659299e-12	6.895590e-13	0.000000e+00	
2.967190e-01	0.000000e+00	8.253890e-16	7.058303e-14	-1.122675e-15	2.103486e-13	-2.296588e-14	3.862024e-13	-1.027664e-13	4.254592e-13	-1.324582e-13	-2.633181e-13	-2.547710e-13	-2.229942e-13	-4.875815e-14	-1.956992e-14	-2.737875e-14	2.684711e-15	0.000000e+00	
2.967190e-01	0.000000e+00	1.256688e-08	2.416675e-06	3.883513e-07	1.065157e-05	3.707000e-06	2.689838e-05	8.591061e-06	4.883946e-05	1.954519e-05	1.519159e-05	1.403957e-05	1.071972e-05	5.080051e-06	1.749766e-06	7.824773e-07	1.183845e-07	0.000000e+00	
2.967190e-01	0.000000e+00	-1.732468e-10	-3.281363e-08	-7.254342e-09	-1.564646e-07	-9.388353e-08	-4.494815e-07	-3.075953e-07	-9.257408e-07	-8.729014e-07	-9.241433e-07	-9.266664e-07	-9.010139e-07	-5.493176e-07	-2.136791e-07	-1.032058e-07	-1.718974e-08	0.000000e+00	
2.967190e-01	0.000000e+00	0.000000e+00	0.000000e+00	0.000000e+00	0.000000e+00	0.000000e+00	0.000000e+00	0.000000e+00	0.000000e+00	0.000000e+00	0.000000e+00	0.000000e+00	0.000000e+00	0.000000e+00	0.000000e+00	0.000000e+00	0.000000e+00	0.000000e+00	
2.967190e-01	0.000000e+00	0.000000e+00	0.000000e+00	0.000000e+00	0.000000e+00	0.000000e+00	0.000000e+00	0.000000e+00	0.000000e+00	0.000000e+00	0.000000e+00	0.000000e+00	0.000000e+00	0.000000e+00	0.000000e+00	0.000000e+00	0.000000e+00	0.000000e+00	
2.967190e-01	0.000000e+00	0.000000e+00	0.000000e+00	0.000000e+00	0.000000e+00	0.000000e+00	0.000000e+00	0.000000e+00	0.000000e+00	0.000000e+00	0.000000e+00	0.000000e+00	0.000000e+00	0.000000e+00	0.000000e+00	0.000000e+00	0.000000e+00	0.000000e+00	
2.967190e-01	0.000000e+00	0.000000e+00	0.000000e+00	0.000000e+00	0.000000e+00	0.000000e+00	0.000000e+00	0.000000e+00	0.000000e+00	0.000000e+00	0.000000e+00	0.000000e+00	0.000000e+00	0.000000e+00	0.000000e+00	0.000000e+00	0.000000e+00	0.000000e+00	
2.967190e-01	0.000000e+00	0.000000e+00	0.000000e+00	0.000000e+00	0.000000e+00	0.000000e+00	0.000000e+00	0.000000e+00	0.000000e+00	0.000000e+00	0.000000e+00	0.000000e+00	0.000000e+00	0.000000e+00	0.000000e+00	0.000000e+00	0.000000e+00	0.000000e+00	
2.967190e-01	0.000000e+00	0.000000e+00	0.000000e+00	0.000000e+00	0.000000e+00	0.000000e+00	0.000000e+00	0.000000e+00	0.000000e+00	0.000000e+00	0.000000e+00	0.000000e+00	0.000000e+00	0.000000e+00	0.000000e+00	0.000000e+00	0.000000e+00	0.000000e+00	
2.967190e-01	0.000000e+00	0.000000e+00	0.000000e+00	0.000000e+00	0.000000e+00	0.000000e+00	0.000000e+00	0.000000e+00	0.000000e+00	0.000000e+00	0.000000e+00	0.000000e+00	0.000000e+00	0.000000e+00	0.000000e+00	0.000000e+00	0.000000e+00	0.000000e+00	
5.935795e-01	0.000000e+00	1.226440e-11	3.601223e-11	6.123172e-11	1.283688e-10	2.214620e-10	2.854894e-10	3.529553e-10	3.886753e-10	6.035757e-10	4.981711e-10	4.109527e-10	3.761446e-10	1.619462e-10	4.256930e-11	2.021449e-11	4.422163e-12	0.000000e+00	
5.935795e-01	0.000000e+00	9.088719e-12	3.347958e-11	5.205203e-11	1.193446e-10	2.164701e-10	2.814432e-10	3.201523e-10	3.702151e-10	5.642697e-10	5.129013e-10	3.801837e-10	3.366026e-10	1.477304e-10	4.947348e-11	2.018137e-11	4.315461e-12	0.000000e+00	
5.935795e-01	0.000000e+00	7.479796e-12	3.987693e-11	5.671211e-11	1.152786e-10	2.202449e-10	3.047319e-10	3.554711e-10	4.342030e-10	6.814924e-10	5.964402e-10	4.913705e-10	3.892147e-10	2.080178e-10	6.175743e-11	1.915598e-11	2.392174e-12	0.000000e+00	
5.935795e-01	0.000000e+00	1.076786e-20	9.477167e-20	2.023071e-19	1.257548e-18	2.973563e-18	5.647224e-18	1.003273e-17	1.617543e-17	2.816232e-17	2.827262e-17	2.430818e-17	2.160593e-17	1.127145e-17	4.036303e-18	1.260073e-18	1.976397e-19	0.000000e+00	
5.935795e-01	2.928334e-45	9.984786e-11	6.588140e-20	1.928007e-19	6.902528e-19	1.844051e-18	3.154089e-18	4.682273e-18	7.457526e-18	1.463033e-17	1.555583e-17	1.809281e-17	1.768734e-17	1.080480e-17	3.657346e-18	1.317586e-18	9.679597e-20	0.000000e+00	
5.935795e-01	0.000000e+00	1.398112e-21	8.065919e-20	2.594097e-19	1.127348e-18	3.194176e-18	4.646928e-18	7.988797e-18	1.495280e-17	2.830685e-17	2.633779e-17	2.569085e-17	2.049821e-17	1.336217e-17	5.157273e-18	1.316764e-18	9.290304e-20	0.000000e+00	
5.935795e-01	0.000000e+00	2.271682e-12	4.357428e-10	7.059280e-11	1.919098e-09	6.657922e-10	4.842906e-09	1.537049e-09	1.549407e-08	3.430111e-09	2.592220e-09	2.403398e-09	1.767284e-09	8.423039e-10	2.908149e-10	1.294646e-10	1.870343e-11	0.000000e+00	
5.935795e-01	0.000000e+00	-6.242401e-13	7.226188e-12	-2.215923e-12	1.331427e-11	-8.346320e-12	8.383174e-12	1.924111e-11	-2.281142e-12	6.698538e-12	-2.406497e-11	6.391260e-12	8.349603e-13	-6.061864e-12	9.508115e-13	-3.917070e-12	-1.826487e-12	0.000000e+00	
5.935795e-01	0.000000e+00	-3.170689e-20	2.860226e-21	1.659214e-20	9.165424e-20	-8.187833e-20	1.114795e-19	4.425125e-20	4.294139e-19	1.976026e-18	-8.998782e-19	1.898928e-18	7.107203e-19	7.843305e-19	2.757886e-20	-3.351014e-19	-5.240969e-20	0.000000e+00	
5.935795e-01	0.000000e+00	1.112104e-15	2.661351e-15	2.249897e-15	8.103480e-15	2.791601e-14	-3.944317e-14	2.927330e-14	4.620759e-14	4.307248e-14	-7.355034e-14	-4.055706e-14	6.073377e-15	-1.407880e-14	5.922665e-16	-2.827401e-15	3.194926e-15	0.000000e+00	
5.935795e-01	0.000000e+00	-7.730774e-16	6.056201e-15	-5.113299e-15	-3.893841e-15	1.603401e-15	-3.286250e-15	2.871113e-14	4.226324e-14	-5.054673e-14	-9.790013e-15	3.237352e-15	-2.935312e-14	1.717341e-14	9.788520e-15	-6.911816e-15	8.348855e-16	0.000000e+00	
5.935795e-01	0.000000e+00	1.659966e-16	5.180297e-15	6.978343e-15	6.668178e-15	2.899866e-14	2.496513e-14	-4.962169e-14	-2.889634e-16	2.107185e-14	-2.439729e-14	5.143937e-14	-5.003782e-14	-5.986174e-15	-1.314377e-14	-2.048316e-15	5.619512e-17	0.000000e+00	
5.935795e-01	0.000000e+00	1.803806e-20	1.588371e-19	3.376969e-19	2.109540e-18	4.959576e-18	9.386876e-18	1.663770e-17	2.669883e-17	4.621687e-17	4.622317e-17	3.943428e-17	3.494372e-17	1.809783e-17	6.472435e-18	1.993468e-18	3.526925e-19	0.000000e+00	
5.935795e-01	0.000000e+00	-8.758692e-18	1.131284e-19	3.238678e-19	1.160238e-18	3.115644e-18	5.282573e-18	7.814220e-18	1.233085e-17	2.412361e-17	2.558044e-17	2.965014e-17	2.867361e-17	1.747357e-17	5.813096e-18	2.172350e-18	1.396943e-19	0.000000e+00	
5.935795e-01	0.000000e+00	2.310509e-21	1.362057e-19	4.341670e-19	1.883780e-18	5.385676e-18	7.740688e-18	1.337813e-17	2.483704e-17	4.684894e-17	4.353613e-17	4.228398e-17	3.346283e-17	2.181377e-17	8.332893e-18	2.238370e-18	2.148302e-19	0.000000e+00	
5.935795e-01	0.000000e+00	-2.189759e-20	-1.372262e-19	-4.548347e-19	-1.731849e-18	-5.472127e-18	-8.642348e-18	-1.953184e-17	-2.262926e-17	-4.710631e-17	-4.575315e-17	-3.888052e-17	-3.804092e-17	-1.802470e-17	-4.787387e-18	-2.211173e-18	-6.160126e-19	0.000000e+00	
5.935795e-01	0.000000e+00	-7.009478e-21	-5.906558e-20	-2.656891e-19	-1.005450e-18	-2.714125e-18	-4.965056e-18	-7.731422e-18	-1.094974e-17	-2.287267e-17	-2.641674e-17	-2.704717e-17	-2.832700e-17	-1.418586e-17	-5.877926e-18	-2.089894e-18	-4.935181e-19	0.000000e+00	
5.935795e-01	0.000000e+00	-8.094350e-21	-1.949703e-19	-4.714565e-19	-1.562542e-18	-5.325502e-18	-7.849675e-18	-1.443331e-17	-2.428108e-17	-4.793308e-17	-4.320509e-17	-4.135698e-17	-3.351894e-17	-2.243433e-17	-7.732829e-18	-1.950033e-18	-2.718474e-19	0.000000e+00	
5.935795e-01	0.000000e+00	-2.820457e-20	1.310012e-21	-3.047859e-21	-3.640271e-21	1.030300e-20	-1.941213e-21	2.356049e-20	7.113317e-21	7.260473e-21	-1.157748e-20	-1.389786e-20	4.079459e-21	-1.657639e-21	4.912320e-21	-1.016697e-21	-2.131846e-22	0.000000e+00	
5.935795e-01	0.000000e+00	-2.843410e-20	2.645983e-22	-1.551040e-21	-1.582735e-21	2.283065e-21	-1.214598e-21	6.006924e-21	-2.727028e-21	1.081199e-20	7.436709e-21	-4.479808e-21	2.570915e-21	1.130091e-21	4.554646e-21	-7.760907e-22	-2.131846e-22	0.000000e+00	
5.935795e-01	0.000000e+00	3.957516e-22	5.238656e-22	-3.380792e-21	-4.376317e-21	9.737832e-21	-4.259657e-21	1.755380e-20	2.698249e-21	1.326530e-20	-1.155722e-20	-2.085758e-20	6.660776e-21	1.581252e-21	4.137487e-21	-7.187199e-22	-2.131846e-22	0.000000e+00	
5.935795e-01	0.000000e+00	-2.192097e-12	-4.206807e-12	-1.968203e-11	-3.689416e-11	-1.116949e-10	-1.954923e-10	-2.502206e-10	-2.863109e-10	-5.457081e-10	-5.198032e-10	-5.096513e-10	-3.828287e-10	-2.016819e-10	-6.484208e-11	-2.927706e-11	-2.254369e-12	0.000000e+00	
5.935795e-01	0.000000e+00	3.673373e-15	9.675624e-13	3.647086e-14	3.059964e-12	-2.823670e-13	4.844882e-12	-1.075062e-12	7.064095e-12	-3.206774e-12	-3.520272e-12	-3.357016e-12	-2.791056e-12	-1.073987e-12	-3.757425e-13	-2.858385e-13	-8.532003e-15	0.000000e+00	
5.935795e-01	0.000000e+00	2.289994e-08	4.616981e-06	7.586778e-07	2.034102e-05	7.090741e-06	5.144562e-05	1.631238e-05	1.227511e-04	3.691775e-05	2.699252e-05	2.537191e-05	1.855836e-05	9.515330e-06	3.459420e-06	1.565442e-06	2.177037e-07	0.000000e+00	
5.935795e-01	0.000000e+00	-6.813551e-10	-1.322851e-07	-2.970800e-08	-6.281604e-07	-3.707375e-07	-1.792137e-06	-1.150915e-06	-4.501105e-06	-3.280101e-06	-3.282868e-06	-3.265246e-06	-3.157809e-06	-2.021221e-06	-7.978357e-07	-3.871065e-07	-6.149730e-08	0.000000e+00	
5.935795e-01	0.000000e+00	0.000000e+00	0.000000e+00	0.000000e+00	0.000000e+00	0.000000e+00	0.000000e+00	0.000000e+00	0.000000e+00	0.000000e+00	0.000000e+00	0.000000e+00	0.000000e+00	0.000000e+00	0.000000e+00	0.000000e+00	0.000000e+00	0.000000e+00	
5.935795e-01	0.000000e+00	0.000000e+00	0.000000e+00	0.000000e+00	0.000000e+00	0.000000e+00	0.000000e+00	0.000000e+00	0.000000e+00	0.000000e+00	0.000000e+00	0.000000e+00	0.000000e+00	0.000000e+00	0.000000e+00	0.000000e+00	0.000000e+00	0.000000e+00	
5.935795e-01	0.000000e+00	0.000000e+00	0.000000e+00	0.000000e+00	0.000000e+00	0.000000e+00	0.000000e+00	0.000000e+00	0.000000e+00	0.000000e+00	0.000000e+00	0.000000e+00	0.000000e+00	0.000000e+00	0.000000e+00	0.000000e+00	0.000000e+00	0.000000e+00	
5.935795e-01	0.000000e+00	0.000000e+00	0.000000e+00	0.000000e+00	0.000000e+00	0.000000e+00	0.000000e+00	0.000000e+00	0.000000e+00	0.000000e+00	0.000000e+00	0.000000e+00	0.000000e+00	0.000000e+00	0.000000e+00	0.000000e+00	0.000000e+00	0.000000e+00	
5.935795e-01	0.000000e+00	0.000000e+00	0.000000e+00	0.000000e+00	0.000000e+00	0.000000e+00	0.000000e+00	0.000000e+00	0.000000e+00	0.000000e+00	0.000000e+00	0.000000e+00	0.000000e+00	0.000000e+00	0.000000e+00	0.000000e+00	0.000000e+00	0.000000e+00	
5.935795e-01	0.000000e+00	0.000000e+00	0.000000e+00	0.000000e+00	0.000000e+00	0.000000e+00	0.000000e+00	0.000000e+00	0.000000e+00	0.000000e+00	0.000000e+00	0.000000e+00	0.000000e+00	0.000000e+00	0.000000e+00	0.000000e+00	0.000000e+00	0.000000e+00	
5.935795e-01	0.000000e+00	0.000000e+00	0.000000e+00	0.000000e+00	0.000000e+00	0.000000e+00	0.000000e+00	0.000000e+00	0.000000e+00	0.000000e+00	0.000000e+00	0.000000e+00	0.000000e+00	0.000000e+00	0.000000e+00	0.000000e+00	0.000000e+00	0.000000e+00	
8.902676e-01	0.000000e+00	1.247747e-11	3.647676e-11	6.190871e-11	1.307108e-10	2.315272e-10	3.146081e-10	3.702190e-10	4.156003e-10	6.523097e-10	5.390683e-10	4.706868e-10	3.862498e-10	1.568683e-10	4.209623e-11	2.052768e-11	3.397167e-12	0.000000e+00	
8.902676e-01	0.000000e+00	9.333491e-12	3.401750e-11	5.572493e-11	1.198608e-10	2.196760e-10	2.778092e-10	3.352397e-10	3.703073e-10	5.731611e-10	5.071968e-10	3.755296e-10	3.347943e-10	1.500623e-10	4.997214e-11	1.912696e-11	3.970789e-12	0.000000e+00	
8.902676e-01	0.000000e+00	8.745289e-12	4.264149e-11	7.007649e-11	1.529586e-10	3.189531e-10	4.572744e-10	5.422654e-10	6.509457e-10	1.032917e-09	8.954357e-10	7.573403e-10	5.690111e-10	3.033627e-10	8.948821e-11	3.329878e-11	3.518584e-12	0.000000e+00	
8.902676e-01	0.000000e+00	2.404316e-20	2.114053e-19	4.478653e-19	2.790071e-18	6.516378e-18	1.225252e-17	2.155879e-17	3.429903e-17	5.871369e-17	5.810583e-17	4.897894e-17	4.285294e-17	2.189106e-17	7.715469e-18	2.350504e-18	4.191965e-19	0.000000e+00	
8.902676e-01	2.928334e-45	9.978696e-11	1.515927e-19	4.310698e-19	1.540959e-18	4.120060e-18	6.928824e-18	1.016456e-17	1.588613e-17	3.075275e-17	3.224302e-17	3.695622e-17	3.526250e-17	2.122431e-17	6.927057e-18	2.581971e-18	1.676207e-19	0.000000e+00	
8.902676e-01	0.000000e+00	3.104190e-21	1.820931e-19	5.773305e-19	2.494144e-18	7.095246e-18	1.011698e-17	1.738696e-17	3.198919e-17	5.974708e-17	5.492692e-17	5.276433e-17	4.123813e-17	2.659234e-17	1.000739e-17	2.711141e-18	2.864713e-19	0.000000e+00	
8.902676e-01	0.000000e+00	4.447674e-12	9.318972e-10	1.501454e-10	4.449979e-09	1.395916e-09	1.032740e-08	3.192051e-09	2.792544e-08	7.066405e-09	5.054836e-09	4.703692e-09	3.299434e-09	1.640450e-09	5.662618e-10	2.547492e-10	3.720259e-11	0.000000e+00	
8.902676e-01	0.000000e+00	-4.281243e-13	7.140360e-12	-2.487827e-12	1.036114e-11	-5.315898e-12	3.680803e-12	2.051133e-11	-5.928377e-13	8.650497e-12	-1.674488e-11	7.417044e-12	-2.141249e-12	-6.366337e-12	1.413002e-12	-4.011684e-12	-1.622270e-12	0.000000e+00	
8.902676e-01	0.000000e+00	-1.288492e-19	9.882861e-21	3.692701e-20	2.001471e-19	-1.622476e-19	2.226628e-19	9.311112e-20	8.795715e-19	4.138134e-18	-1.782152e-18	3.728881e-18	1.428257e-18	1.602896e-18	-1.622344e-20	-5.623650e-19	-9.143453e-20	0.000000e+00	
8.902676e-01	0.000000e+00	1.863658e-15	1.737278e-15	-3.209851e-16	1.846989e-14	3.505117e-14	-5.375654e-14	6.843072e-15	5.021912e-14	7.921976e-14	-8.802920e-14	-3.638172e-14	-9.956503e-16	-1.288858e-14	-1.516110e-15	-3.659395e-15	4.144238e-15	0.000000e+00	
8.902676e-01	0.000000e+00	-9.130063e-17	6.878301e-15	-3.893158e-15	8.936604e-17	1.650231e-14	-3.515711e-15	2.116671e-14	2.113174e-14	-4.944100e-14	-1.001789e-15	5.524298e-15	-3.315382e-14	2.183139e-14	6.581047e-15	-8.895091e-15	2.867089e-16	0.000000e+00	
8.902676e-01	0.000000e+00	-2.120762e-16	1.225152e-14	1.473594e-14	7.886172e-15	3.725089e-14	1.348615e-13	-6.326555e-14	6.699957e-15	7.642871e-14	-4.474047e-14	-8.386125e-15	-1.154783e-13	-3.131848e-14	-1.603992e-14	-1.340450e-14	2.730762e-15	0.000000e+00	
8.902676e-01	0.000000e+00	2.670381e-20	2.355317e-19	4.946030e-19	3.123357e-18	7.214661e-18	1.349992e-17	2.368079e-17	3.738788e-17	6.344234e-17	6.258974e-17	5.214193e-17	4.556204e-17	2.309329e-17	8.174303e-18	2.479524e-18	5.616484e-19	0.000000e+00	
8.902676e-01	0.000000e+00	-1.531031e-17	1.789030e-19	4.873216e-19	1.754793e-18	4.751264e-18	7.855059e-18	1.143600e-17	1.757231e-17	3.394603e-17	3.546859e-17	4.052296e-17	3.799250e-17	2.307726e-17	7.286173e-18	2.978065e-18	1.697116e-19	0.000000e+00	
8.902676e-01	0.000000e+00	3.487116e-21	2.084708e-19	6.469451e-19	2.787704e-18	8.056459e-18	1.124670e-17	1.961055e-17	3.564061e-17	6.634458e-17	6.108851e-17	5.851436e-17	4.534635e-17	2.976236e-17	1.101716e-17	3.473795e-18	5.933033e-19	0.000000e+00	
8.902676e-01	0.000000e+00	-3.280640e-20	-2.056153e-19	-6.592868e-19	-2.553585e-18	-7.953600e-18	-1.253191e-17	-2.773765e-17	-3.146578e-17	-6.492108e-17	-6.185509e-17	-5.165490e-17	-4.968017e-17	-2.303990e-17	-5.879410e-18	-2.879235e-18	-6.582471e-19	0.000000e+00	
8.902676e-01	0.000000e+00	-1.139750e-20	-8.891634e-20	-4.120775e-19	-1.478397e-18	-3.999938e-18	-7.038362e-18	-1.135762e-17	-1.525638e-17	-3.224387e-17	-3.598828e-17	-3.615229e-17	-3.720904e-17	-1.839190e-17	-7.542753e-18	-2.399896e-18	-5.955293e-19	0.000000e+00	
8.902676e-01	0.000000e+00	-1.341908e-20	-2.929175e-19	-7.123617e-19	-2.402053e-18	-7.959238e-18	-1.101455e-17	-2.217512e-17	-3.409524e-17	-6.899809e-17	-5.926098e-17	-5.884375e-17	-4.516100e-17	-3.017006e-17	-1.018820e-17	-2.827128e-18	-2.272199e-19	0.000000e+00	
8.902676e-01	0.000000e+00	-6.024611e-20	2.829188e-21	-7.018939e-21	-8.261693e-21	2.257284e-20	-3.846664e-21	5.303551e-20	1.433430e-20	1.417461e-20	-2.455421e-20	-2.873233e-20	9.562894e-21	-3.095429e-21	8.890609e-21	-1.848969e-21	-3.872072e-22	0.000000e+00	
8.902676e-01	0.000000e+00	-6.074371e-20	5.075347e-22	-3.485951e-21	-3.422758e-21	4.752124e-21	-2.743254e-21	1.360135e-20	-5.966997e-21	2.186919e-20	1.444474e-20	-9.269792e-21	6.406144e-21	2.534225e-21	8.182974e-21	-1.395865e-21	-3.872072e-22	0.000000e+00	
8.902676e-01	0.000000e+00	8.640803e-22	1.038214e-21	-7.800637e-21	-9.901305e-21	2.109664e-20	-9.071281e-21	3.982414e-20	5.070116e-21	2.708885e-20	-2.444651e-20	-4.387481e-20	1.410084e-20	3.396434e-21	7.455811e-21	-1.264518e-21	-3.872072e-22	0.000000e+00	
8.902676e-01	0.000000e+00	-3.961417e-12	-1.175894e-11	-5.083685e-11	-1.382124e-10	-3.741184e-10	-5.987127e-10	-7.790927e-10	-9.520709e-10	-1.628340e-09	-1.416110e-09	-1.349785e-09	-9.960198e-10	-5.228017e-10	-1.701330e-10	-7.797031e-11	-8.271887e-12	0.000000e+00	
8.902676e-01	0.000000e+00	5.445549e-15	4.151321e-12	1.400011e-13	1.398490e-11	-1.143554e-12	2.046645e-11	-4.529306e-12	2.553392e-11	-1.449110e-11	-1.364306e-11	-1.293547e-11	-1.034890e-11	-4.610406e-12	-1.482802e-12	-1.023280e-12	-7.416618e-14	0.000000e+00	
8.902676e-01	0.000000e+00	2.478551e-08	6.295806e-06	9.935419e-07	2.875457e-05	9.360755e-06	7.002166e-05	2.163261e-05	1.539457e-04	4.852116e-05	3.308909e-05	3.123660e-05	2.198563e-05	1.252793e-05	4.519228e-06	2.129094e-06	3.437000e-07	0.000000e+00	
8.902676e-01	0.000000e+00	-9.552607e-10	-2.487647e-07	-5.555443e-08	-1.224535e-06	-7.141857e-07	-3.434190e-06	-2.235398e-06	-8.078729e-06	-6.287783e-06	-5.958843e-06	-5.975165e-06	-5.648977e-06	-3.904395e-06	-1.558691e-06	-7.565954e-07	-1.201875e-07	0.000000e+00	
8.902676e-01	0.000000e+00	0.000000e+00	0.000000e+00	0.000000e+00	0.000000e+00	0.000000e+00	0.000000e+00	0.000000e+00	0.000000e+00	0.000000e+00	0.000000e+00	0.000000e+00	0.000000e+00	0.000000e+00	0.000000e+00	0.000000e+00	0.000000e+00	0.000000e+00	
8.902676e-01	0.000000e+00	0.000000e+00	0.000000e+00	0.000000e+00	0.000000e+00	0.000000e+00	0.000000e+00	0.000000e+00	0.000000e+00	0.000000e+00	0.000000e+00	0.000000e+00	0.000000e+00	0.000000e+00	0.000000e+00	0.000000e+00	0.000000e+00	0.000000e+00	
8.902676e-01	0.000000e+00	0.000000e+00	0.000000e+00	0.000000e+00	0.000000e+00	0.000000e+00	0.000000e+00	0.000000e+00	0.000000e+00	0.000000e+00	0.000000e+00	0.000000e+00	0.000000e+00	0.000000e+00	0.000000e+00	0.000000e+00	0.000000e+00	0.000000e+00	
8.902676e-01	0.000000e+00	0.000000e+00	0.000000e+00	0.000000e+00	0.000000e+00	0.000000e+00	0.000000e+00	0.000000e+00	0.000000e+00	0.000000e+00	0.000000e+00	0.000000e+00	0.000000e+00	0.000000e+00	0.000000e+00	0.000000e+00	0.000000e+00	0.000000e+00	
8.902676e-01	0.000000e+00	0.000000e+00	0.000000e+00	0.000000e+00	0.000000e+00	0.000000e+00	0.000000e+00	0.000000e+00	0.000000e+00	0.000000e+00	0.000000e+00	0.000000e+00	0.000000e+00	0.000000e+00	0.000000e+00	0.000000e+00	0.000000e+00	0.000000e+00	
8.902676e-01	0.000000e+00	0.000000e+00	0.000000e+00	0.000000e+00	0.000000e+00	0.000000e+00	0.000000e+00	0.000000e+00	0.000000e+00	0.000000e+00	0.000000e+00	0.000000e+00	0.000000e+00	0.000000e+00	0.000000e+00	0.000000e+00	0.000000e+00	0.000000e+00	
8.902676e-01	0.000000e+00	0.000000e+00	0.000000e+00	0.000000e+00	0.000000e+00	0.000000e+00	0.000000e+00	0.000000e+00	0.000000e+00	0.000000e+00	0.000000e+00	0.000000e+00	0.000000e+00	0.000000e+00	0.000000e+00	0.000000e+00	0.000000e+00	0.000000e+00	
1.000000e+00	0.000000e+00	1.258535e-11	3.671986e-11	6.280717e-11	1.335384e-10	2.418184e-10	3.375680e-10	3.923779e-10	4.448781e-10	7.063505e-10	5.825215e-10	5.241612e-10	4.091372e-10	1.626409e-10	4.455369e-11	2.189755e-11	3.214528e-12	0.000000e+00	
1.000000e+00	0.000000e+00	9.457773e-12	3.441252e-11	5.801607e-11	1.214513e-10	2.247943e-10	2.809153e-10	3.509964e-10	3.801844e-10	5.952046e-10	5.211684e-10	3.886246e-10	3.471158e-10	1.577414e-10	5.282514e-11	2.002168e-11	4.070336e-12	0.000000e+00	
1.000000e+00	0.000000e+00	9.437467e-12	4.473759e-11	7.892433e-11	1.815453e-10	3.916273e-10	5.671400e-10	6.752883e-10	8.146345e-10	1.284626e-09	1.102147e-09	9.366942e-10	6.952127e-10	3.716682e-10	1.100189e-10	4.295910e-11	4.515729e-12	0.000000e+00	
1.000000e+00	0.000000e+00	3.023706e-20	2.659021e-19	5.614336e-19	3.504425e-18	8.143933e-18	1.525718e-17	2.675139e-17	4.234689e-17	7.203658e-17	7.094845e-17	5.936946e-17	5.167353e-17	2.621037e-17	9.192556e-18	2.785054e-18	5.275323e-19	0.000000e+00	
1.000000e+00	2.928334e-45	9.976444e-11	1.936644e-19	5.439470e-19	1.945808e-18	5.208852e-18	8.698559e-18	1.269866e-17	1.969668e-17	3.795543e-17	3.959011e-17	4.514640e-17	4.268581e-17	2.561424e-17	8.238073e-18	3.131383e-18	1.978840e-19	0.000000e+00	
1.000000e+00	0.000000e+00	3.924740e-21	2.308069e-19	7.267925e-19	3.132721e-18	8.926731e-18	1.262888e-17	2.172727e-17	3.972086e-17	7.384967e-17	6.763153e-17	6.464638e-17	5.017969e-17	3.234070e-17	1.205354e-17	3.393194e-18	4.244001e-19	0.000000e+00	
1.000000e+00	0.000000e+00	5.249022e-12	1.376212e-09	1.829543e-10	5.428017e-09	1.698618e-09	1.269611e-08	3.869064e-09	3.305981e-08	8.546786e-09	5.991213e-09	5.578472e-09	3.862185e-09	1.940514e-09	6.734524e-10	3.054749e-10	4.602240e-11	0.000000e+00	
1.000000e+00	0.000000e+00	-3.476189e-13	7.086131e-12	-2.578380e-12	9.090295e-12	-3.775052e-12	1.893378e-12	2.149007e-11	-1.371300e-13	9.489608e-12	-1.378872e-11	7.313124e-12	-2.555328e-12	-6.039068e-12	1.926525e-12	-4.187510e-12	-1.580317e-12	0.000000e+00	
1.000000e+00	0.000000e+00	-1.853980e-19	1.440390e-20	4.642551e-20	2.492283e-19	-1.919783e-19	2.676900e-19	1.140158e-19	1.067231e-18	5.089136e-18	-2.134293e-18	4.463542e-18	1.726539e-18	1.962693e-18	-5.069252e-20	-6.260490e-19	-1.014835e-19	0.000000e+00	
1.000000e+00	0.000000e+00	2.287842e-15	9.483249e-16	-2.738831e-15	2.275461e-14	3.960142e-14	-5.988165e-14	-5.276886e-15	5.606465e-14	1.021763e-13	-9.510428e-14	-3.108256e-14	-1.025382e-14	-1.610232e-14	-3.498031e-15	-4.718087e-15	4.823303e-15	0.000000e+00	
1.000000e+00	0.000000e+00	2.879874e-16	7.448413e-15	-3.397707e-15	2.499718e-15	2.604687e-14	-4.336509e-15	1.803333e-14	1.138062e-14	-5.155079e-14	1.211802e-15	7.053540e-15	-3.538351e-14	2.460882e-14	6.935519e-15	-1.097738e-14	1.392693e-16	0.000000e+00	
1.000000e+00	0.000000e+00	-5.271891e-16	1.779964e-14	2.278309e-14	1.491822e-14	5.122272e-14	2.236152e-13	-6.659223e-14	5.513082e-15	1.091979e-13	-6.392155e-14	-6.655979e-14	-1.633299e-13	-5.162955e-14	-1.685159e-14	-2.013501e-14	4.496932e-15	0.000000e+00	
1.000000e+00	0.000000e+00	2.982237e-20	2.635825e-19	5.502248e-19	3.496788e-18	8.018228e-18	1.494128e-17	2.610744e-17	4.096270e-17	6.899460e-17	6.780454e-17	5.600349e-17	4.875727e-17	2.457850e-17	8.680251e-18	2.649369e-18	6.649577e-19	0.000000e+00	
1.000000e+00	0.000000e+00	-1.924102e-17	2.067060e-19	5.520905e-19	1.997353e-18	5.434164e-18	8.888458e-18	1.284800e-17	1.952259e-17	3.756401e-17	3.902592e-17	4.436736e-17	4.114594e-17	2.511745e-17	7.764805e-18	3.322134e-18	2.003491e-19	0.000000e+00	
1.000000e+00	0.000000e+00	4.020715e-21	2.380291e-19	7.289604e-19	3.131777e-18	9.077238e-18	1.253420e-17	2.197735e-17	3.962568e-17	7.347695e-17	6.750800e-17	6.444141e-17	4.968960e-17	3.296977e-17	1.206046e-17	4.146376e-18	8.549700e-19	0.000000e+00	
1.000000e+00	0.000000e+00	-3.684730e-20	-2.309524e-19	-7.292629e-19	-2.851047e-18	-8.833494e-18	-1.391613e-17	-3.054195e-17	-3.434780e-17	-7.076067e-17	-6.690636e-17	-5.563499e-17	-5.321381e-17	-2.453153e-17	-6.201552e-18	-3.127170e-18	-6.394537e-19	0.000000e+00	
1.000000e+00	0.000000e+00	-1.326202e-20	-1.002730e-19	-4.720437e-19	-1.653251e-18	-4.471069e-18	-7.739618e-18	-1.272756e-17	-1.672586e-17	-3.556458e-17	-3.921615e-17	-3.912067e-17	-4.006002e-17	-1.972318e-17	-8.066188e-18	-2.444328e-18	-6.182733e-19	0.000000e+00	
1.000000e+00	0.000000e+00	-1.584878e-20	-3.315790e-19	-8.067158e-19	-2.755620e-18	-8.963644e-18	-1.208886e-17	-2.537231e-17	-3.759065e-17	-7.704919e-17	-6.483533e-17	-6.556776e-17	-4.947254e-17	-3.302855e-17	-1.114415e-17	-3.268689e-18	-1.733524e-19	0.000000e+00	
1.000000e+00	0.000000e+00	-7.400523e-20	3.501108e-21	-8.965956e-21	-1.048335e-20	2.820600e-20	-4.585621e-21	6.706198e-20	1.719880e-20	1.687772e-20	-3.051152e-20	-3.520642e-20	1.238558e-20	-3.668979e-21	1.022459e-20	-2.168087e-21	-4.781471e-22	0.000000e+00	
1.000000e+00	0.000000e+00	-7.462361e-20	5.864937e-22	-4.409686e-21	-4.263893e-21	5.794949e-21	-3.495859e-21	1.721775e-20	-7.476767e-21	2.643626e-20	1.712118e-20	-1.137041e-20	8.458777e-21	3.214892e-21	9.386447e-21	-1.630364e-21	-4.781471e-22	0.000000e+00	
1.000000e+00	0.000000e+00	1.076610e-21	1.227242e-21	-9.973838e-21	-1.256861e-20	2.621519e-20	-1.122017e-20	5.048135e-20	5.850125e-21	3.298001e-20	-3.036419e-20	-5.414744e-20	1.750089e-20	4.225886e-21	8.561920e-21	-1.463221e-21	-4.781471e-22	0.000000e+00	
1.000000e+00	0.000000e+00	-4.711003e-12	-1.570850e-11	-6.726056e-11	-1.932135e-10	-5.206018e-10	-8.201944e-10	-1.061750e-09	-1.313795e-09	-2.192114e-09	-1.861373e-09	-1.757226e-09	-1.291379e-09	-6.781042e-10	-2.233915e-10	-1.023792e-10	-1.143694e-11	0.000000e+00	
1.000000e+00	0.000000e+00	5.007480e-15	6.774197e-12	1.798469e-13	2.074574e-11	-1.777772e-12	3.029817e-11	-6.795137e-12	3.653170e-11	-2.189329e-11	-1.979134e-11	-1.868745e-11	-1.488171e-11	-6.904945e-12	-2.197589e-12	-1.480818e-12	-1.246017e-13	0.000000e+00	
1.000000e+00	0.000000e+00	2.379544e-08	7.413512e-06	1.007911e-06	3.065999e-05	9.732025e-06	7.509982e-05	2.243578e-05	1.622492e-04	5.099802e-05	3.408453e-05	3.233907e-05	2.261978e-05	1.295824e-05	5.011158e-06	2.433100e-06	4.515874e-07	0.000000e+00	
1.000000e+00	0.000000e+00	-9.913577e-10	-3.185270e-07	-6.402894e-08	-1.423341e-06	-8.390574e-07	-4.041453e-06	-2.616259e-06	-9.363861e-06	-7.405401e-06	-6.854205e-06	-6.904187e-06	-6.516833e-06	-4.564182e-06	-1.846280e-06	-8.990633e-07	-1.475372e-07	0.000000e+00	
1.000000e+00	0.000000e+00	0.000000e+00	0.000000e+00	0.000000e+00	0.000000e+00	0.000000e+00	0.000000e+00	0.000000e+00	0.000000e+00	0.000000e+00	0.000000e+00	0.000000e+00	0.000000e+00	0.000000e+00	0.000000e+00	0.000000e+00	0.000000e+00	0.000000e+00	
1.000000e+00	0.000000e+00	0.000000e+00	0.000000e+00	0.000000e+00	0.000000e+00	0.000000e+00	0.000000e+00	0.000000e+00	0.000000e+00	0.000000e+00	0.000000e+00	0.000000e+00	0.000000e+00	0.000000e+00	0.000000e+00	0.000000e+00	0.000000e+00	0.000000e+00	
1.000000e+00	0.000000e+00	0.000000e+00	0.000000e+00	0.000000e+00	0.000000e+00	0.000000e+00	0.000000e+00	0.000000e+00	0.000000e+00	0.000000e+00	0.000000e+00	0.000000e+00	0.000000e+00	0.000000e+00	0.000000e+00	0.000000e+00	0.000000e+00	0.000000e+00	
1.000000e+00	0.000000e+00	0.000000e+00	0.000000e+00	0.000000e+00	0.000000e+00	0.000000e+00	0.000000e+00	0.000000e+00	0.000000e+00	0.000000e+00	0.000000e+00	0.000000e+00	0.000000e+00	0.000000e+00	0.000000e+00	0.000000e+00	0.000000e+00	0.000000e+00	
1.000000e+00	0.000000e+00	0.000000e+00	0.000000e+00	0.000000e+00	0.000000e+00	0.000000e+00	0.000000e+00	0.000000e+00	0.000000e+00	0.000000e+00	0.000000e+00	0.000000e+00	0.000000e+00	0.000000e+00	0.000000e+00	0.000000e+00	0.000000e+00	0.000000e+00	
1.000000e+00	0.000000e+00	0.000000e+00	0.000000e+00	0.000000e+00	0.000000e+00	0.000000e+00	0.000000e+00	0.000000e+00	0.000000e+00	0.000000e+00	0.000000e+00	0.000000e+00	0.000000e+00	0.000000e+00	0.000000e+00	0.000000e+00	0.000000e+00	0.000000e+00	
1.000000e+00	0.000000e+00	0.000000e+00	0.000000e+00	0.000000e+00	0.000000e+00	0.000000e+00	0.000000e+00	0.000000e+00	0.000000e+00	0.000000e+00	0.000000e+00	0.000000e+00	0.000000e+00	0.000000e+00	0.000000e+00	0.000000e+00	0.000000e+00	0.000000e+00	
