0.000000e+00	6.283185e+00	1.256637e+01	1.884956e+01	2.513274e+01	3.141593e+01	3.769911e+01	4.398230e+01	5.026548e+01	5.654867e+01	
0.000000e+00	2.928064e-10	5.177396e-10	4.111467e-10	3.545113e-10	3.078996e-10	2.013519e-10	1.278188e-10	7.654934e-11	2.323172e-11	2.188740e-12	
0.000000e+00	1.442269e-10	2.614366e-10	2.924507e-10	2.818438e-10	3.185878e-10	2.757537e-10	2.544762e-10	1.949172e-10	1.315451e-10	4.270589e-11	
0.000000e+00	1.329207e-10	2.437710e-10	2.704651e-10	2.797195e-10	3.108900e-10	2.863766e-10	2.547965e-10	2.078787e-10	1.300779e-10	5.277908e-11	
0.000000e+00	0.000000e+00	0.000000e+00	0.000000e+00	0.000000e+00	0.000000e+00	0.000000e+00	0.000000e+00	0.000000e+00	0.000000e+00	0.000000e+00	
0.000000e+00	9.996980e-11	0.000000e+00	0.000000e+00	0.000000e+00	0.000000e+00	0.000000e+00	0.000000e+00	0.000000e+00	0.000000e+00	0.000000e+00	
0.000000e+00	0.000000e+00	0.000000e+00	0.000000e+00	0.000000e+00	0.000000e+00	0.000000e+00	0.000000e+00	0.000000e+00	0.000000e+00	0.000000e+00	
0.000000e+00	0.000000e+00	0.000000e+00	0.000000e+00	0.000000e+00	0.000000e+00	0.000000e+00	0.000000e+00	0.000000e+00	0.000000e+00	0.000000e+00	
2.967190e-01	2.772088e-10	4.882990e-10	3.875008e-10	3.301350e-10	2.868773e-10	1.878563e-10	1.179665e-10	6.951127e-11	2.084275e-11	1.956631e-12	
2.967190e-01	1.357187e-10	2.488975e-10	2.778456e-10	2.677708e-10	2.980647e-10	2.572498e-10	2.364305e-10	1.792869e-10	1.195328e-10	3.850143e-11	
2.967190e-01	1.272930e-10	2.312314e-10	2.599866e-10	2.650490e-10	2.917453e-10	2.700697e-10	2.437446e-10	1.926247e-10	1.177492e-10	4.794261e-11	
2.967190e-01	2.490084e-18	3.851529e-18	3.324586e-18	2.732963e-18	2.308491e-18	1.336982e-18	6.749761e-19	3.333599e-19	7.684390e-20	5.233931e-21	
2.967190e-01	9.990883e-11	1.048797e-18	1.198313e-18	1.280518e-18	1.403379e-18	1.203584e-18	8.705162e-19	6.940809e-19	2.856397e-19	8.409091e-20	
2.967190e-01	1.563781e-18	2.458566e-18	2.743309e-18	2.321812e-18	2.300374e-18	1.929955e-18	1.476758e-18	8.936643e-19	2.770822e-19	5.493196e-20	
2.967190e-01	3.410662e-09	2.442069e-10	3.991143e-10	3.269832e-10	2.922214e-10	3.341893e-10	2.447400e-10	2.158880e-10	1.215678e-10	6.018743e-11	
5.935795e-01	2.627027e-10	4.606459e-10	3.722730e-10	3.118853e-10	2.793871e-10	1.910844e-10	1.184683e-10	7.059973e-11	2.084927e-11	2.139070e-12	
5.935795e-01	1.318145e-10	2.462010e-10	2.722540e-10	2.612103e-10	2.817113e-10	2.416455e-10	2.220567e-10	1.663103e-10	1.085780e-10	3.473381e-11	
5.935795e-01	1.327515e-10	2.382265e-10	2.788375e-10	2.758650e-10	3.008290e-10	2.973114e-10	2.844283e-10	2.182125e-10	1.310076e-10	5.802144e-11	
5.935795e-01	9.436740e-18	1.456638e-17	1.253835e-17	1.029466e-17	8.660669e-18	5.003129e-18	2.519309e-18	1.235027e-18	2.829882e-19	1.939676e-20	
5.935795e-01	9.984786e-11	3.980386e-18	4.561603e-18	4.846265e-18	5.300940e-18	4.539687e-18	3.273040e-18	2.591291e-18	1.059863e-18	3.144741e-19	
5.935795e-01	5.972223e-18	9.329666e-18	1.039094e-17	8.797623e-18	8.692761e-18	7.273390e-18	5.530644e-18	3.345553e-18	1.022729e-18	2.028391e-19	
5.935795e-01	1.987795e-08	9.113463e-10	1.509306e-09	1.250984e-09	1.110703e-09	1.279689e-09	9.176374e-10	8.590831e-10	4.567572e-10	2.241854e-10	
8.902676e-01	2.492206e-10	4.371906e-10	3.793549e-10	3.214423e-10	3.117282e-10	2.437231e-10	1.499474e-10	1.002087e-10	2.931108e-11	3.711199e-12	
8.902676e-01	1.448876e-10	2.698880e-10	2.940839e-10	2.732586e-10	2.781769e-10	2.341554e-10	2.136286e-10	1.568267e-10	9.885702e-11	3.136724e-11	
8.902676e-01	1.697340e-10	3.057747e-10	3.804413e-10	3.666953e-10	4.045749e-10	4.606541e-10	4.635761e-10	3.790169e-10	2.309484e-10	1.153615e-10	
8.902676e-01	2.011200e-17	3.097939e-17	2.659939e-17	2.181132e-17	1.827656e-17	1.053348e-17	5.294429e-18	2.577743e-18	5.885539e-19	4.091026e-20	
8.902676e-01	9.978696e-11	8.528516e-18	9.803787e-18	1.033646e-17	1.130955e-17	9.700399e-18	6.992393e-18	5.504971e-18	2.261969e-18	6.979501e-19	
8.902676e-01	1.294084e-17	2.007518e-17	2.230022e-17	1.884910e-17	1.859250e-17	1.551532e-17	1.169461e-17	7.076490e-18	2.124761e-18	4.230990e-19	
8.902676e-01	3.773216e-08	1.911724e-09	3.053512e-09	2.600512e-09	2.379621e-09	2.648089e-09	1.874382e-09	1.868589e-09	9.281438e-10	4.469542e-10	
1.000000e+00	2.444766e-10	4.301930e-10	3.912349e-10	3.377478e-10	3.411430e-10	2.844387e-10	1.747097e-10	1.237509e-10	3.607294e-11	4.875972e-12	
1.000000e+00	1.571894e-10	2.897733e-10	3.135487e-10	2.852082e-10	2.822642e-10	2.346192e-10	2.125234e-10	1.544716e-10	9.561795e-11	3.021667e-11	
1.000000e+00	1.972100e-10	3.570088e-10	4.508614e-10	4.338735e-10	4.844854e-10	5.789692e-10	5.864676e-10	4.982621e-10	3.046247e-10	1.561984e-10	
1.000000e+00	2.487639e-17	3.828809e-17	3.284866e-17	2.692243e-17	2.252733e-17	1.297461e-17	6.518459e-18	3.168025e-18	7.233210e-19	5.066073e-20	
1.000000e+00	9.976445e-11	1.058567e-17	1.218305e-17	1.280361e-17	1.402293e-17	1.205245e-17	8.700139e-18	6.842890e-18	2.832188e-18	8.978254e-19	
1.000000e+00	1.615519e-17	2.499314e-17	2.773769e-17	2.341345e-17	2.308624e-17	1.924343e-17	1.444814e-17	8.743273e-18	2.606789e-18	5.203119e-19	
1.000000e+00	4.538781e-08	2.304421e-09	3.653605e-09	3.150848e-09	2.940430e-09	3.212330e-09	2.256610e-09	2.301952e-09	1.118538e-09	5.362798e-10	
